EER: 0.160925
accuracy: 0.67815
accuracy_per_class: 0.6587740692647945
precision: 0.07413533834586467
recall: 0.6377749029754204
