EER: 0.164575
accuracy: 0.67085
accuracy_per_class: 0.6445826667789285
precision: 0.06750555144337528
recall: 0.6162162162162163
