accuracy: 0.6966666666666667
accuracy_per_class: 0.43991870118345855
precision: 0.7264828107291273
recall: 0.63696588274263
EER: 0.15166666666666667
