EER: 0.14958333333333332
accuracy: 0.7008333333333333
accuracy_per_class: 0.7005665423980116
precision: 0.7298651252408478
recall: 0.6338688085676037
