EER: 0.158225
accuracy: 0.68355
accuracy_per_class: 0.6850656851820927
precision: 0.07283763277693475
recall: 0.6866952789699571
