EER: 0.157775
accuracy: 0.68445
accuracy_per_class: 0.665432640015125
precision: 0.07131901840490798
recall: 0.6449375866851595
