accuracy: 0.48833333333333334
accuracy_per_class: 1.0
precision: 0.48833333333333334
recall: 1.0
EER: 0.25583333333333336
