accuracy: 0.49083333333333334
accuracy_per_class: 0.5
precision: 0.49083333333333334
recall: 1.0
EER: 0.25458333333333333
