EER: 0.246725
accuracy: 0.50655
accuracy_per_class: 0.5065500000000001
precision: 0.9924812030075187
recall: 0.0132
