EER: 0.0175
accuracy: 0.965
accuracy_per_class: 0.5011861266886288
precision: 0.16666666666666666
recall: 0.002890173410404624
