EER: 0.016999999999999998
accuracy: 0.966
accuracy_per_class: 0.5093103448275862
precision: 0.3333333333333333
recall: 0.02
