accuracy: 0.6085
accuracy_per_class: 0.6085675263422691
precision: 0.5979412655161974
recall: 0.6592122830440588
EER: 0.19574999999999998
