accuracy: 0.6845
accuracy_per_class: 0.6845229464069935
precision: 0.6883814640698456
recall: 0.6799336650082919
EER: 0.15775
