accuracy: 0.6846666666666666
accuracy_per_class: 0.5145833016185062
precision: 0.6761935693406951
recall: 0.6993617735975814
EER: 0.15766666666666668
