EER: 0.016916666666666667
accuracy: 0.9661666666666666
accuracy_per_class: 0.5
precision: 0.0
recall: 0.0
