EER: 0.016916666666666667
accuracy: 0.9661666666666666
accuracy_per_class: 0.5046917851495394
precision: 0.4
recall: 0.009900990099009901
