EER: 0.25034999999999996
accuracy: 0.4993
accuracy_per_class: 0.4993
precision: 0.49964084145715754
recall: 0.9738
