EER: 0.019666666666666666
accuracy: 0.9606666666666667
accuracy_per_class: 0.5340993891152023
precision: 0.2962962962962963
recall: 0.07476635514018691
