accuracy: 0.5958333333333333
accuracy_per_class: 0.5740190507005705
precision: 0.5819291109819872
recall: 0.6701237872198059
EER: 0.20208333333333334
