accuracy: 0.5851666666666666
accuracy_per_class: 0.5873300616504888
precision: 0.5585763717251606
recall: 0.7627404657441782
EER: 0.2074166666666667
