accuracy: 0.6801666666666667
accuracy_per_class: 0.4759002308391043
precision: 0.6870175438596491
recall: 0.6559463986599665
EER: 0.15991666666666665
