accuracy: 0.6871666666666667
accuracy_per_class: 0.6870263257545455
precision: 0.6994614003590665
recall: 0.6519410977242303
EER: 0.15641666666666668
