EER: 0.226875
accuracy: 0.54625
accuracy_per_class: 0.6482198382379871
precision: 0.05739093604404913
recall: 0.7580419580419581
