EER: 0.02175
accuracy: 0.9565
accuracy_per_class: 0.5308430900536163
precision: 0.24615384615384617
recall: 0.07017543859649122
