EER: 0.045083333333333336
accuracy: 0.9098333333333334
accuracy_per_class: 0.5715517466195512
precision: 0.10551558752997602
recall: 0.20754716981132076
