EER: 0.018666666666666668
accuracy: 0.9626666666666667
accuracy_per_class: 0.5062126454860019
precision: 0.3
recall: 0.013636363636363636
