EER: 0.020666666666666667
accuracy: 0.9586666666666667
accuracy_per_class: 0.5219987457852021
precision: 0.18032786885245902
recall: 0.05263157894736842
