EER: 0.016833333333333332
accuracy: 0.9663333333333334
accuracy_per_class: 0.5
precision: 0.0
recall: 0.0
