EER: 0.11433333333333333
accuracy: 0.7713333333333333
accuracy_per_class: 0.7709899566904785
precision: 0.7742837176799441
recall: 0.7532290958531611
