accuracy: 0.7663333333333333
accuracy_per_class: 0.4769562805779952
precision: 0.7801814375436148
recall: 0.7433510638297872
EER: 0.11683333333333334
