EER: 0.018333333333333333
accuracy: 0.9633333333333334
accuracy_per_class: 0.5
precision: 0.0
recall: 0.0
