EER: 0.018083333333333333
accuracy: 0.9638333333333333
accuracy_per_class: 0.5400937425280243
precision: 0.3090909090909091
recall: 0.08673469387755102
