EER: 0.04866666666666667
accuracy: 0.9026666666666666
accuracy_per_class: 0.5606266433501702
precision: 0.087527352297593
recall: 0.1932367149758454
