EER: 0.019166666666666665
accuracy: 0.9616666666666667
accuracy_per_class: 0.5
precision: 0.0
recall: 0.0
