EER: 0.162775
accuracy: 0.67445
accuracy_per_class: 0.67445
precision: 0.7447733969412095
recall: 0.5308
