EER: 0.016416666666666666
accuracy: 0.9671666666666666
accuracy_per_class: 0.5424253639279546
precision: 0.782608695652174
recall: 0.08571428571428572
