EER: 0.020166666666666666
accuracy: 0.9596666666666667
accuracy_per_class: 0.5
precision: 0.0
recall: 0.0
