accuracy: 0.6656666666666666
accuracy_per_class: 0.3446622686270843
precision: 0.738498789346247
recall: 0.5098629220996322
EER: 0.16716666666666669
