accuracy: 0.6725
accuracy_per_class: 0.6718084484030866
precision: 0.7507360157016683
recall: 0.5122196183461667
EER: 0.16375
