EER: 0.034833333333333334
accuracy: 0.9303333333333333
accuracy_per_class: 0.546286701208981
precision: 0.10606060606060606
recall: 0.13333333333333333
