accuracy: 0.5956666666666667
accuracy_per_class: 0.7295142461980637
precision: 0.5632289046421222
recall: 0.8267875125881168
EER: 0.20216666666666666
