accuracy: 0.5996666666666667
accuracy_per_class: 0.5986149653741344
precision: 0.5718640093786636
recall: 0.808955223880597
EER: 0.20016666666666666
