EER: 0.16466666666666666
accuracy: 0.6706666666666666
accuracy_per_class: 0.6706092132210718
precision: 0.6771269177126917
recall: 0.6490641711229946
