accuracy: 0.572
accuracy_per_class: 0.46137309869052384
precision: 0.5826118326118326
recall: 0.5337078651685393
EER: 0.214
