EER: 0.21416666666666667
accuracy: 0.5716666666666667
accuracy_per_class: 0.573944207085419
precision: 0.6016355140186916
recall: 0.4996765847347995
