accuracy: 0.6826666666666666
accuracy_per_class: 0.45772397471083015
precision: 0.7010909090909091
recall: 0.640531561461794
EER: 0.15866666666666668
