EER: 0.15425
accuracy: 0.6915
accuracy_per_class: 0.6909205093605385
precision: 0.6977665706051873
recall: 0.6568328246863343
