EER: 0.230375
accuracy: 0.53925
accuracy_per_class: 0.53925
precision: 0.8452066842568162
recall: 0.0961
