accuracy: 0.7008333333333333
accuracy_per_class: 0.4731292176486425
precision: 0.7141350210970464
recall: 0.6740789910388317
EER: 0.14958333333333335
