accuracy: 0.5851666666666666
accuracy_per_class: 0.7181073054479853
precision: 0.5608907446068198
recall: 0.8022561380225613
EER: 0.20741666666666667
