EER: 0.20541666666666666
accuracy: 0.5891666666666666
accuracy_per_class: 0.5930223925054816
precision: 0.5558381502890174
recall: 0.8154681139755766
