EER: 0.16922500000000001
accuracy: 0.66155
accuracy_per_class: 0.6615500000000001
precision: 0.6660840958157705
recall: 0.6479
