accuracy: 0.6923333333333334
accuracy_per_class: 0.47520272877103964
precision: 0.7064989517819706
recall: 0.6677675033025099
EER: 0.15383333333333332
