accuracy: 0.6945
accuracy_per_class: 0.6950213371266003
precision: 0.7170082704063286
recall: 0.655921052631579
EER: 0.15275
