EER: 0.018333333333333333
accuracy: 0.9633333333333334
accuracy_per_class: 0.5220824080927707
precision: 0.3333333333333333
recall: 0.047619047619047616
