EER: 0.019916666666666666
accuracy: 0.9601666666666666
accuracy_per_class: 0.4997397640527412
precision: 0.0
recall: 0.0
