accuracy: 0.5006666666666667
accuracy_per_class: 1.0
precision: 0.5006666666666667
recall: 1.0
EER: 0.24966666666666668
