EER: 0.018583333333333334
accuracy: 0.9628333333333333
accuracy_per_class: 0.5612781555461114
precision: 0.391304347826087
recall: 0.12980769230769232
