accuracy: 0.5776666666666667
accuracy_per_class: 0.5759808627752177
precision: 0.5574039362699157
recall: 0.7867063492063492
EER: 0.21116666666666667
