EER: 0.05449999999999999
accuracy: 0.891
accuracy_per_class: 0.5316275340454151
precision: 0.07399577167019028
recall: 0.1394422310756972
