EER: 0.246975
accuracy: 0.50605
accuracy_per_class: 0.50605
precision: 0.984
recall: 0.0123
