EER: 0.02075
accuracy: 0.9585
accuracy_per_class: 0.5231770833333333
precision: 0.36363636363636365
recall: 0.05
