accuracy: 0.6615
accuracy_per_class: 0.3354094155828282
precision: 0.7436787307882995
recall: 0.49767750497677504
EER: 0.16925
