accuracy: 0.659
accuracy_per_class: 0.6629748439642767
precision: 0.7593908629441625
recall: 0.4876140808344198
EER: 0.1705
