accuracy: 0.6848333333333333
accuracy_per_class: 0.45086698649842893
precision: 0.6980290070658237
recall: 0.6349797023004059
EER: 0.15758333333333335
