accuracy: 0.687
accuracy_per_class: 0.6862608130555435
precision: 0.7095531587057011
recall: 0.6210384356035064
EER: 0.1565
