accuracy: 0.6795
accuracy_per_class: 0.47785891143564574
precision: 0.6869109947643979
recall: 0.657314629258517
EER: 0.16025
