accuracy: 0.6765
accuracy_per_class: 0.676597707591402
precision: 0.6881153305203939
recall: 0.649950182663567
EER: 0.16175
