EER: 0.02308333333333333
accuracy: 0.9538333333333333
accuracy_per_class: 0.523099233556731
precision: 0.17567567567567569
recall: 0.056768558951965066
