EER: 0.16745
accuracy: 0.6651
accuracy_per_class: 0.6651
precision: 0.6701360263808739
recall: 0.6503
