EER: 0.166775
accuracy: 0.66645
accuracy_per_class: 0.66645
precision: 0.6730789227409795
recall: 0.6473
