EER: 0.21958333333333332
accuracy: 0.5608333333333333
accuracy_per_class: 0.5614235479007851
precision: 0.5412525999537786
recall: 0.7827540106951871
