accuracy: 0.6931666666666667
accuracy_per_class: 0.6929182546472739
precision: 0.7253825029423303
recall: 0.6183946488294314
EER: 0.15341666666666667
