accuracy: 0.6696666666666666
accuracy_per_class: 0.33031861843122823
precision: 0.7593152064451159
recall: 0.50066401062417
EER: 0.16516666666666666
