EER: 0.15716666666666668
accuracy: 0.6856666666666666
accuracy_per_class: 0.6845160121078229
precision: 0.7608799617407939
recall: 0.5344306348673161