accuracy: 0.6086666666666667
accuracy_per_class: 0.39406943106718373
precision: 0.6455962916139907
recall: 0.504113195129977
EER: 0.19566666666666666
