accuracy: 0.6216666666666667
accuracy_per_class: 0.6219618273550325
precision: 0.6349036402569593
recall: 0.5879048248512888
EER: 0.18916666666666668
