accuracy: 0.5838333333333333
accuracy_per_class: 0.4699153060921659
precision: 0.5793594306049822
recall: 0.5531770302412504
EER: 0.20808333333333334
