EER: 0.20508333333333334
accuracy: 0.5898333333333333
accuracy_per_class: 0.5897135394820308
precision: 0.5942184154175589
recall: 0.5570424891267982
