accuracy: 0.6776666666666666
accuracy_per_class: 0.4504800213342815
precision: 0.7003690036900369
recall: 0.628476821192053
EER: 0.16116666666666668
