accuracy: 0.6813333333333333
accuracy_per_class: 0.6812347249388997
precision: 0.7002220577350111
recall: 0.6319305277221109
EER: 0.15933333333333333
