EER: 0.02025
accuracy: 0.9595
accuracy_per_class: 0.5033196367743714
precision: 0.15384615384615385
recall: 0.008547008547008548
