EER: 0.03208333333333333
accuracy: 0.9358333333333333
accuracy_per_class: 0.5915652173913044
precision: 0.2222222222222222
recall: 0.216
