accuracy: 0.7538333333333334
accuracy_per_class: 0.7541059132262189
precision: 0.7731595632264882
recall: 0.7249009247027741
EER: 0.12308333333333334
