accuracy: 0.7603333333333333
accuracy_per_class: 0.47379859776219735
precision: 0.7759831460674157
recall: 0.7342192691029901
EER: 0.11983333333333333
