EER: 0.159425
accuracy: 0.68115
accuracy_per_class: 0.6786077839734959
precision: 0.08110543706818865
recall: 0.6758448060075094
