EER: 0.16145
accuracy: 0.6771
accuracy_per_class: 0.6691534328198765
precision: 0.07519021333731166
recall: 0.6605504587155964
