accuracy: 0.688
accuracy_per_class: 0.5070826792580965
precision: 0.6859395532194481
recall: 0.6950732356857523
EER: 0.156
