accuracy: 0.691
accuracy_per_class: 0.6909186022273375
precision: 0.6864951768488746
recall: 0.7083609820836099
EER: 0.1545
