EER: 0.029833333333333333
accuracy: 0.9403333333333334
accuracy_per_class: 0.5896290454415258
precision: 0.2052401746724891
recall: 0.21076233183856502
