EER: 0.481875
accuracy: 0.03625
accuracy_per_class: 0.5000259389914921
precision: 0.03620181009050453
recall: 1.0
