accuracy: 0.6788333333333333
accuracy_per_class: 0.678573047852224
precision: 0.676423798918231
recall: 0.7002635046113307
EER: 0.16058333333333336
