accuracy: 0.6768333333333333
accuracy_per_class: 0.5007256111917346
precision: 0.6764314247669774
recall: 0.6775591863954652
EER: 0.16158333333333336
