mean_spoof: 152228.7418246743
mean_bonafide: 139458.06185612592
