EER: 0.16447499999999998
accuracy: 0.67105
accuracy_per_class: 0.6710499999999999
precision: 0.6775666978096128
recall: 0.6527
