EER: 0.165425
accuracy: 0.66915
accuracy_per_class: 0.66915
precision: 0.6751579165372269
recall: 0.652
