EER: 0.018916666666666665
accuracy: 0.9621666666666666
accuracy_per_class: 0.5
precision: 0.0
recall: 0.0
