EER: 0.16475
accuracy: 0.6705
accuracy_per_class: 0.6705408372075039
precision: 0.6861393323657474
recall: 0.6297036297036297