accuracy: 0.6723333333333333
accuracy_per_class: 0.46839678247000904
precision: 0.6783416726233024
recall: 0.6403508771929824
EER: 0.16383333333333333
