accuracy: 0.5833333333333334
accuracy_per_class: 0.5832130519714382
precision: 0.5801709401709402
recall: 0.5715729201751432
EER: 0.20833333333333331
