accuracy: 0.5778333333333333
accuracy_per_class: 0.44369815808649116
precision: 0.5944527736131934
recall: 0.5222258808034245
EER: 0.21108333333333335
