EER: 0.017166666666666667
accuracy: 0.9656666666666667
accuracy_per_class: 0.5
precision: 0.0
recall: 0.0
