EER: 0.018416666666666668
accuracy: 0.9631666666666666
accuracy_per_class: 0.5
precision: 0.0
recall: 0.0
