accuracy: 0.6846666666666666
accuracy_per_class: 0.6845504470945107
precision: 0.6914185639229422
recall: 0.6613065326633166
EER: 0.15766666666666668
