accuracy: 0.6833333333333333
accuracy_per_class: 0.4666019893902005
precision: 0.7011739594450374
recall: 0.650280435499835
EER: 0.15833333333333333
