accuracy: 0.764
accuracy_per_class: 0.7640407153327835
precision: 0.7744049672300793
recall: 0.7465912869970069
EER: 0.118
