accuracy: 0.7628333333333334
accuracy_per_class: 0.47071989614165677
precision: 0.7800565770862801
recall: 0.7336215497173263
EER: 0.11858333333333335
