accuracy: 0.6935
precision: 0.6929007388371345
recall: 0.7095394736842106
EER: 0.0321233537
